<?xml version="1.0"?>
<opencv_storage>
<calibration_Time>"10/12/24 23:19:56"</calibration_Time>
<nrOfFrames>25</nrOfFrames>
<image_Width>640</image_Width>
<image_Height>480</image_Height>
<board_Width>9</board_Width>
<board_Height>6</board_Height>
<square_Size>50.</square_Size>
<FixAspectRatio>1.</FixAspectRatio>
<flagValue>14</flagValue>
<Camera_Matrix type_id="opencv-matrix">
  <rows>3</rows>
  <cols>3</cols>
  <dt>d</dt>
  <data>
    6.9092498917251578e+02 0. 3.1950000000000000e+02 0.
    6.9092498917251578e+02 2.3950000000000000e+02 0. 0. 1.</data></Camera_Matrix>
<Distortion_Coefficients type_id="opencv-matrix">
  <rows>5</rows>
  <cols>1</cols>
  <dt>d</dt>
  <data>
    -5.0568739979519028e-01 3.4056871021111701e-01 0. 0.
    -3.3490297480082543e-01</data></Distortion_Coefficients>
<Avg_Reprojection_Error>3.9605726118903323e-01</Avg_Reprojection_Error>
<Per_View_Reprojection_Errors type_id="opencv-matrix">
  <rows>25</rows>
  <cols>1</cols>
  <dt>f</dt>
  <data>
    4.25829858e-01 2.37951428e-01 2.29718015e-01 2.22057283e-01
    3.23474735e-01 2.41246998e-01 4.41839755e-01 2.01355323e-01
    4.36533660e-01 4.99500215e-01 5.17218113e-01 3.08005184e-01
    2.62670368e-01 3.10604513e-01 2.42591336e-01 2.67395377e-01
    6.13822103e-01 4.96997803e-01 2.97310919e-01 4.85064030e-01
    6.04034722e-01 3.08086902e-01 3.70902151e-01 3.22080284e-01
    6.60370529e-01</data></Per_View_Reprojection_Errors>
<Extrinsic_Parameters type_id="opencv-matrix">
  <rows>25</rows>
  <cols>6</cols>
  <dt>d</dt>
  <data>
    -3.0426001567381100e-01 2.9803431600831772e-02
    -1.0091401675063416e-01 -1.6915602718040412e+02
    1.3536873870760738e+02 1.2176028808748865e+03
    -3.0490192933629623e-01 1.4592485679349336e-02
    -2.3413720901239354e-01 -3.3867495246715765e+02
    -1.7689362905839857e+02 1.3112473202928538e+03
    -3.0489896448245551e-01 1.6401683950096758e-02
    -2.4309234018583115e-01 -3.4772031316321727e+02
    -2.0055605914192395e+02 1.3036872716012838e+03
    -5.0459618979227232e-02 3.3684812802221319e-02
    -3.2109035092931754e-01 -1.7231689715632481e+02
    -9.6850987660944142e+01 1.0222619389095091e+03
    -6.9983085490317107e-02 2.5419766683463272e-02
    -3.3755195034751106e-01 -1.6116838214090416e+02
    -1.3750819951896571e+02 1.0565364013475544e+03
    -6.4311259924575842e-02 4.0124634174769531e-02
    -3.0485808183063690e-01 -2.3471340543745569e+02
    -4.2647446061871264e+01 1.0152301408982424e+03
    -8.1893621821915397e-02 6.0564857467516039e-02
    -2.8684772776637707e-01 -2.8087334922693668e+02
    8.6651603965426389e+00 9.8535975164813840e+02
    -3.6044721636578250e-02 4.1859300024064322e-02
    -3.0241881558314676e-01 -3.1696932851161847e+02
    5.8637602548625082e+01 9.9205943574231992e+02 3.1852407315574510e-02
    3.8492976292222869e-02 -4.9561196179726102e-01
    -2.9509416353769018e+02 1.6214045019114554e+01
    9.9891064245008772e+02 -2.7943231678565519e-02
    7.8772771703730038e-02 -4.5741238715676463e-01
    -3.3492453444235110e+02 1.0769577182903676e+02
    9.8961725953705616e+02 6.5618379533828276e-03
    -2.8467882234660569e-02 -4.6555771985713729e-01
    -4.8863652785990411e+02 1.1556447313418292e+02
    9.8107890875660837e+02 3.2237767204259110e-02
    -7.4481017572373201e-03 -4.8693170985382456e-01
    -4.8655447186101208e+02 7.7292865377833451e+01
    9.6955442850909765e+02 1.1413845262217349e-02 1.9959111856246225e-02
    -4.9206127180031861e-01 -4.5628842638285442e+02
    5.8707513127282041e+01 9.7040979737433406e+02 3.0392215509873543e-02
    -6.9173366034599375e-04 -5.0344543925939544e-01
    -4.6786703102644930e+02 2.9128547431927000e+01
    9.6960840434001602e+02 2.7860223224017440e-02 1.8544904658085559e-02
    -5.3637848217865003e-01 -3.0292831546755440e+02
    -5.5429711614169719e+01 1.0384568396142251e+03
    -2.6186752529107054e-02 4.1517235342619141e-02
    -5.3290541315982443e-01 -3.0729255427426187e+02
    -7.7850202523670987e+01 1.0254508694081553e+03
    -4.6437787780634912e-02 2.1223253641878281e-02
    -5.5081142785409976e-01 -2.8763434824111590e+02
    -1.2855572597397730e+02 1.0125243354414783e+03
    -1.2592869020012334e-01 7.9965793013441394e-02
    -4.3569956893900702e-01 -1.9453189879694756e+02
    -5.2342060029199558e+01 8.9052796172602234e+02
    -1.3050189406835111e-01 6.6208326856157920e-02
    -4.4703798249322346e-01 -1.9553900514084091e+02
    -6.9468290689400547e+01 9.0348911210220410e+02
    -1.2393562993650162e-01 8.3367092884944788e-02
    -4.3860474409043060e-01 -2.0441610406242833e+02
    -5.2175346746221294e+01 9.0071761966901931e+02
    -1.3278554873090456e-01 5.4364299826989169e-02
    -4.5337058391447255e-01 -2.3782636602274073e+02
    -5.2845485601013664e+01 9.0957014427217723e+02
    -1.4979004000124302e-01 6.2905320381275553e-02
    -4.8509919757840114e-01 -2.4365493630353555e+02
    -1.1799626019959466e+02 9.1665223402360687e+02
    -2.1868729252108954e-01 3.3503228478000663e-02
    -5.0109188696278295e-01 -2.8310755047762336e+02
    -1.2866286636364370e+02 9.4381533874343404e+02
    -2.7944655317198197e-01 -2.5307172078041926e-02
    -5.1565763398980702e-01 -3.2457537613792624e+02
    -1.4640971327067422e+02 9.6912363822079556e+02
    -1.6989039323941540e-01 1.4557650346137469e-03
    -5.1148058773864269e-01 -2.8104534930509874e+02
    -1.4819152707218279e+02 9.6396114411652616e+02</data></Extrinsic_Parameters>
